1558
1178
1292
1786
1406
1140
1444
1216
442
247
416
520
351
455
338
299
390
312
1564
1122
952
1088
1428
1190
666
432
594
864
360
684
288
1950
936
429
273
260
1092
1482
1287
1634
1216
912
952
986
731
238
760
260
1118
546
1222
1014
1120
665
945
1750
1540
665
1400
1295
560
1505
1120
1540
1295
1716
968
675
240
1800
945
752
224
1120
576
1152
992
1720
1247
1032
1054
1394
1224
1645
1155
980
950
988
684
234
720
288
1200
576
1200
960
1786
987
1692
2209
1410
1927
1457
1175
1504
1222
1911
1014
416
312
247
1008
1008
714
238
760
247
1710
1292
988
1680
1260
1015
1102
1444
1178
1672
1102
950
918
1020
697
272
722
247
1144
520
1248
962
1927
943
448
308
224
962
925
702
216
779
266
1680
1190
980
1755
1287
1053
1650
1150
1000
1200
1500
1150
1100
525
1200
1000
1036
1036
697
255
760
266
1692
1222
940
1175
1457
1363
768
456
552
1200
1032
1026
988
741
266
792
234
1681
1148
943
1107
1476
1189
714
441
546
840
357
966
1932
966
768
240
1656
1242
1518
1886
1472
1104
1518
1196
768
464
496
352
512
400
704
336
1120
736
992
1248
576
1568
704
1472
1376
640
1568
1184
1536
1248
1155
1505
1190
1620
1224
1116
972
972
779
247
714
221
1104
506
828
368
989
1088
1360
1258
1564
1156
986
1850
950
738
270
1150
506
805
391
943
1886
920
720
256
1886
920
660
255
1116
558
1147
992
1680
1176
1008
1800
950
738
252
1804
984
406
308
238
1148
532
1176
952
1739
1175
987
1640
1107
984
1148
1517
1189
735
441
546
798
420
945
1974
987
705
240
1085
1540
1260
1598
1156
1020
962
925
722
247
756
252
1152
552
864
384
1056
1845
945
752
240
1932
1012
784
240
1085
558
1209
1023
1638
1260
1008
925
962
722
247
714
238
2021
989
390
286
234
1218
551
1247
986
1728
1296
1056
1640
1189
1025
1189
1476
1230
714
441
567
861
378
1008
1886
1012
752
256
1850
950
714
238
2016
924
406
336
238
1120
560
1176
980
1656
1196
1012
1152
1568
1280
1054
558
1271
992
2021
987
736
288
693
441
546
903
357
1029
1932
1008
1764
1470
672
1512
1848
1470
1176
1554
1218
1128
1551
1269
1692
1269
987
1722
1230
902
1216
544
1248
992
1911
975
403
299
260
884
952
738
234
780
260
1628
1221
999
1610
1260
1015
1176
1554
1260
1722
1260
1008
1702
1242
920
1107
540
1188
972
1739
1184
999
1073
1554
1221
703
456
570
874
418
665
304
1974
966
434
308
238
2016
960
705
225
1974
940
690
240
1120
576
1216
1088
1680
1302
966
1102
1444
1178
1634
1178
912
1650
1250
900
1215
567
1215
999
1886
943
750
285
900
972
741
247
680
255
1728
1224
1044
1739
1147
999
1600
1200
1000
1150
1600
1250
1196
572
1274
1014
952
952
756
252
800
240
1656
1196
966
1150
1518
1242
1176
576
864
408
1008
962
962
741
247
756
252
1085
1488
1240
1147
527
1209
930
1932
920
736
256
672
420
567
882
378
966
962
962
720
216
697
238
1927
902
420
308
238
1160
609
1247
986
1645
1363
940
1927
987
720
272
1974
940
720
210
1184
544
1216
1056
1764
1218
966
1824
1216
950
1216
1520
1216
722
437
532
855
380
722
323
2021
989
448
308
224
1617
1176
931
1176
1519
1225
1144
546
1274
1092
945
1015
714
238
741
247
1148
1008
476
1260
1120
532
1204
1036
1974
1008
434
294
266
741
494
589
836
380
950
1184
703
925
1702
1480
703
1443
1332
592
1517
1147
1554
1184
1092
1554
1260
1680
1218
1008
1702
1242
920
1176
532
1232
952
1222
1551
1175
1656
1242
966
1680
1260
966
1184
544
1312
992
1200
1584
1296
1656
1288
966
1680
1302
966
1216
576
1280
992
1722
1260
966
1218
1554
1218
693
462
546
840
420
1008
1974
987
768
240
988
1026
720
234
672
224
2016
1008
448
308
252
1120
532
1288
1008
1776
1248
1008
1824
950
416
299
234
972
1008
697
238
738
216
1716
1248
1092
1715
1260
945
1176
1470
1260
1722
1218
966
1645
1316
987
1120
560
1204
1036
1824
1216
950
1178
1520
1254
741
475
608
874
342
931
2021
989
406
308
266
2058
1078
768
256
1927
987
799
255
1116
558
1240
1023
1722
1260
1008
1656
1196
1426
1886
1472
1104
1564
1196
736
432
560
368
496
352
720
336
1677
1290
989
1247
1548
1204
693
462
588
798
378
966
2064
1056
784
256
1150
1472
1242
1776
1248
1008
1764
1218
966
1216
576
1248
992
1978
1032
1849
1548
731
1505
1978
1505
1247
1548
1247
1748
1216
1064
1140
1558
1254
760
437
551
874
380
684
304
2021
1032
448
308
238
1849
1204
1419
1978
1591
1204
1548
1247
476
266
420
532
378
490
378
644
336
1204
672
980
1176
560
616
840
700
952
560
1316
588
1092
476
1176
1092
504
1204
1216
1536
1280
1216
576
1248
992
2064
960
768
240
714
462
567
861
378
987
1120
1505
1225
1715
1155
980
925
999
722
266
756
252
1128
576
888
384
1008
1886
1058
720
240
1974
987
782
289
1216
512
1248
992
1764
1260
1008
1026
1026
738
234
798
266
1974
966
462
294
224
1204
532
1260
1008
1739
1175
1034
1638
1176
1008
1218
1512
1260
748
462
572
858
418
1034
2021
987
816
272
