1	0.001348
2	0.001331
3	0.004806
4	0.004936
5	0.007653
6	0.009272
7	0.017951
8	0.036072
9	0.077193
10	0.155091
11	0.246603
12	0.364416
13	0.461842
14	0.528506
15	0.591492
16	0.612762
17	0.622091
18	0.62619
19	0.623782
20	0.625112
21	0.624887
22	0.62494
23	0.623904
24	0.625386
25	0.624155
26	0.624416
27	0.625681
28	0.624088
29	0.624888
30	0.625783
31	0.626278
32	0.626375
33	0.624739
34	0.625246
35	0.625787
36	0.625644
37	0.624693
38	0.625087
39	0.62624
40	0.624895
41	0.625909
42	0.625565
43	0.624081
44	0.62327
45	0.624126
46	0.625619
47	0.624657
48	0.625368
49	0.62511
50	0.624467
51	0.625098
52	0.62402
53	0.625599
54	0.623964
55	0.619888
56	0.613422
57	0.605025
58	0.592045
59	0.575896
60	0.552431
61	0.522923
62	0.486618
63	0.444814
64	0.399183
65	0.351265
66	0.301135
67	0.250695
68	0.203126
69	0.16071
70	0.123377
71	0.087016
72	0.060158
73	0.040888
74	0.026481
