0	0.034628
1	0.072542
2	0.133756
3	0.217031
4	0.316806
5	0.410816
6	0.494232
7	0.557479
8	0.594994
9	0.61399
10	0.621666
11	0.624278
12	0.623361
13	0.622654
14	0.623516
15	0.62279
16	0.623472
17	0.623567
18	0.621595
19	0.619768
20	0.62238
21	0.622206
22	0.622601
23	0.624483
24	0.621271
25	0.621671
26	0.620591
27	0.614891
28	0.604556
29	0.558844
30	0.441348
31	0.293551
32	0.15068
33	0.040798
34	0.00781
35	0.003294
36	0.002376
37	0.002274
38	0.004944
39	0.008356
40	0.055384
41	0.186728
42	0.313659
43	0.460297
44	0.568606
45	0.607018
46	0.614515
47	0.620036
48	0.621226
49	0.620566
50	0.622358
51	0.62212
52	0.62198
53	0.622301
54	0.622475
55	0.622489
56	0.6231
57	0.623786
58	0.623997
59	0.622154
60	0.622374
61	0.625117
62	0.623586
63	0.621156
64	0.613408
65	0.596735
66	0.556946
67	0.494834
68	0.41115
69	0.315826
70	0.216572
71	0.133535
72	0.071762
73	0.034332
