0	0.037865
1	0.082413
2	0.158409
3	0.269709
4	0.410668
5	0.550658
6	0.682461
7	0.788769
8	0.864107
9	0.91001
10	0.93693
11	0.948622
12	0.957668
13	0.957522
14	0.959369
15	0.960797
16	0.960675
17	0.960192
18	0.958827
19	0.954407
20	0.949524
21	0.939425
22	0.913964
23	0.867135
24	0.790583
25	0.681474
26	0.544159
27	0.398399
28	0.26628
29	0.163878
30	0.095101
31	0.051469
32	0.029412
33	0.014305
34	0.008197
35	0.003467
36	0.002505
37	0.00231
38	0.005219
39	0.008634
40	0.014242
41	0.026745
42	0.05064
43	0.091943
44	0.161131
45	0.263985
46	0.397727
47	0.542546
48	0.67802
49	0.785108
50	0.860728
51	0.907211
52	0.933132
53	0.946977
54	0.953819
55	0.956292
56	0.957289
57	0.960204
58	0.961474
59	0.958023
60	0.959353
61	0.957655
62	0.950681
63	0.935307
64	0.910233
65	0.862911
66	0.788848
67	0.682155
68	0.551078
69	0.409794
70	0.268396
71	0.158995
72	0.082024
73	0.037538
