1	0.034628
2	0.072542
3	0.133756
4	0.217031
5	0.316806
6	0.410816
7	0.494232
8	0.557479
9	0.594994
10	0.61399
11	0.621666
12	0.624278
13	0.623361
14	0.622654
15	0.623516
16	0.62279
17	0.623472
18	0.623567
19	0.621595
20	0.619768
21	0.62238
22	0.622206
23	0.622601
24	0.624483
25	0.621271
26	0.621671
27	0.620591
28	0.614891
29	0.604556
30	0.558844
31	0.441348
32	0.293551
33	0.15068
34	0.040798
35	0.00781
36	0.003294
37	0.002376
38	0.002274
39	0.004944
40	0.008356
41	0.055384
42	0.186728
43	0.313659
44	0.460297
45	0.568606
46	0.607018
47	0.614515
48	0.620036
49	0.621226
50	0.620566
51	0.622358
52	0.62212
53	0.62198
54	0.622301
55	0.622475
56	0.622489
57	0.6231
58	0.623786
59	0.623997
60	0.622154
61	0.622374
62	0.625117
63	0.623586
64	0.621156
65	0.613408
66	0.596735
67	0.556946
68	0.494834
69	0.41115
70	0.315826
71	0.216572
72	0.133535
73	0.071762
74	0.034332
