0	0.001352
1	0.001336
2	0.004966
3	0.005079
4	0.008012
5	0.009587
6	0.016361
7	0.019229
8	0.029312
9	0.039044
10	0.054068
11	0.073378
12	0.099563
13	0.128202
14	0.166873
15	0.214889
16	0.270391
17	0.330474
18	0.400389
19	0.474495
20	0.551092
21	0.627114
22	0.696384
23	0.762746
24	0.816859
25	0.862092
26	0.8964
27	0.921197
28	0.935382
29	0.948685
30	0.953403
31	0.959162
32	0.957957
33	0.959744
34	0.959124
35	0.95936
36	0.959103
37	0.960631
38	0.961228
39	0.961743
40	0.961044
41	0.960798
42	0.959764
43	0.959245
44	0.95915
45	0.959371
46	0.957759
47	0.957807
48	0.957015
49	0.957046
50	0.955319
51	0.951422
52	0.945793
53	0.938139
54	0.92985
55	0.911056
56	0.892154
57	0.865908
58	0.832026
59	0.790044
60	0.737696
61	0.681797
62	0.614315
63	0.544413
64	0.470915
65	0.397112
66	0.325465
67	0.258576
68	0.200561
69	0.151032
70	0.102763
71	0.069179
72	0.045847
73	0.029111
