1	0.001352
2	0.001336
3	0.004966
4	0.005079
5	0.008012
6	0.009587
7	0.016361
8	0.019229
9	0.029312
10	0.039044
11	0.054068
12	0.073378
13	0.099563
14	0.128202
15	0.166873
16	0.214889
17	0.270391
18	0.330474
19	0.400389
20	0.474495
21	0.551092
22	0.627114
23	0.696384
24	0.762746
25	0.816859
26	0.862092
27	0.8964
28	0.921197
29	0.935382
30	0.948685
31	0.953403
32	0.959162
33	0.957957
34	0.959744
35	0.959124
36	0.95936
37	0.959103
38	0.960631
39	0.961228
40	0.961743
41	0.961044
42	0.960798
43	0.959764
44	0.959245
45	0.95915
46	0.959371
47	0.957759
48	0.957807
49	0.957015
50	0.957046
51	0.955319
52	0.951422
53	0.945793
54	0.938139
55	0.92985
56	0.911056
57	0.892154
58	0.865908
59	0.832026
60	0.790044
61	0.737696
62	0.681797
63	0.614315
64	0.544413
65	0.470915
66	0.397112
67	0.325465
68	0.258576
69	0.200561
70	0.151032
71	0.102763
72	0.069179
73	0.045847
74	0.029111
