1	0.037865
2	0.082413
3	0.158409
4	0.269709
5	0.410668
6	0.550658
7	0.682461
8	0.788769
9	0.864107
10	0.91001
11	0.93693
12	0.948622
13	0.957668
14	0.957522
15	0.959369
16	0.960797
17	0.960675
18	0.960192
19	0.958827
20	0.954407
21	0.949524
22	0.939425
23	0.913964
24	0.867135
25	0.790583
26	0.681474
27	0.544159
28	0.398399
29	0.26628
30	0.163878
31	0.095101
32	0.051469
33	0.029412
34	0.014305
35	0.008197
36	0.003467
37	0.002505
38	0.00231
39	0.005219
40	0.008634
41	0.014242
42	0.026745
43	0.05064
44	0.091943
45	0.161131
46	0.263985
47	0.397727
48	0.542546
49	0.67802
50	0.785108
51	0.860728
52	0.907211
53	0.933132
54	0.946977
55	0.953819
56	0.956292
57	0.957289
58	0.960204
59	0.961474
60	0.958023
61	0.959353
62	0.957655
63	0.950681
64	0.935307
65	0.910233
66	0.862911
67	0.788848
68	0.682155
69	0.551078
70	0.409794
71	0.268396
72	0.158995
73	0.082024
74	0.037538
