0	0.001348
1	0.001331
2	0.004806
3	0.004936
4	0.007653
5	0.009272
6	0.017951
7	0.036072
8	0.077193
9	0.155091
10	0.246603
11	0.364416
12	0.461842
13	0.528506
14	0.591492
15	0.612762
16	0.622091
17	0.62619
18	0.623782
19	0.625112
20	0.624887
21	0.62494
22	0.623904
23	0.625386
24	0.624155
25	0.624416
26	0.625681
27	0.624088
28	0.624888
29	0.625783
30	0.626278
31	0.626375
32	0.624739
33	0.625246
34	0.625787
35	0.625644
36	0.624693
37	0.625087
38	0.62624
39	0.624895
40	0.625909
41	0.625565
42	0.624081
43	0.62327
44	0.624126
45	0.625619
46	0.624657
47	0.625368
48	0.62511
49	0.624467
50	0.625098
51	0.62402
52	0.625599
53	0.623964
54	0.619888
55	0.613422
56	0.605025
57	0.592045
58	0.575896
59	0.552431
60	0.522923
61	0.486618
62	0.444814
63	0.399183
64	0.351265
65	0.301135
66	0.250695
67	0.203126
68	0.16071
69	0.123377
70	0.087016
71	0.060158
72	0.040888
73	0.026481
